0.319	0.253
0.299	-0.372
0.949	-0.086
1.997	1.077
1.127	0.945
0.581	1.290
2.551	3.052
2.264	3.170
0.355	-1.876
0.128	1.187
1.713	-0.007
-0.836	-0.201
2.630	1.234
1.775	1.564
1.571	1.838
2.477	-0.495
2.384	0.522
1.935	0.915
-1.481	0.601
0.038	0.183
1.341	1.444
1.239	0.862
2.044	1.252
1.413	1.367
-0.022	-0.108
1.180	1.950
0.190	0.915
1.243	1.737
1.372	-0.862
0.699	1.407
-0.236	3.142
0.641	1.886
0.812	0.454
2.825	2.512
2.504	1.458
0.446	2.162
2.173	2.644
1.119	2.890
4.147	4.152
1.061	3.066
0.834	0.755
1.845	0.368
0.994	0.571
2.260	3.691
1.329	-1.089
0.163	0.562
1.453	-0.461
2.354	2.662
0.198	0.443
1.199	1.747
1.919	2.657
2.203	1.701
0.258	-0.867
2.254	0.645
1.776	1.528
1.330	2.960
0.599	2.351
1.866	1.946
-0.159	-0.243
0.950	0.199
1.012	1.548
2.151	-0.142
-0.171	0.102
1.123	-0.379
0.804	0.654
1.700	0.481
0.170	1.929
1.218	1.669
0.632	2.425
0.308	1.349
2.401	1.334
0.456	1.433
2.456	3.806
2.510	2.405
0.450	1.124
0.722	0.199
-1.145	0.713
1.387	0.173
2.592	1.822
1.273	2.630
0.446	-1.069
0.491	1.371
-0.813	-0.274
-0.340	0.551
2.910	2.340
1.266	-1.245
1.665	1.466
1.947	1.123
2.360	0.281
1.012	-0.929
0.693	-0.324
1.327	-0.517
0.300	0.480
0.401	0.762
1.200	0.980
0.344	0.658
0.481	2.857
1.008	2.272
0.939	2.655
2.639	2.127
1.042	-0.344
0.865	2.157
1.746	2.510
1.330	0.823
2.456	-0.818
0.191	-1.306
0.771	2.217
1.102	2.814
0.766	0.933
2.240	2.583
1.203	2.409
-0.148	-1.744
0.841	0.847
1.326	1.276
0.279	1.633
-0.474	1.439
-0.029	1.275
1.189	0.591
0.067	0.285
1.905	0.574
1.640	1.173
0.802	-2.209
2.326	3.008
0.927	1.030
1.864	0.494
2.124	2.289
3.969	4.146
-0.970	-2.214
-0.215	-0.837
-0.449	-0.736
0.652	-0.503
1.139	0.999
0.447	-0.289
1.510	-0.546
1.085	-1.603
0.531	1.746
1.323	1.821
1.161	1.228
2.368	1.248
1.186	2.219
1.253	-0.366
-1.161	-0.745
1.949	1.492
0.929	-0.973
-1.911	0.805
2.399	1.757
1.663	1.230
-1.108	-0.514
0.612	0.525
-0.724	-0.011
1.956	0.376
1.219	2.301
2.415	-0.472
0.667	-1.008
-1.291	1.265
-0.282	2.027
2.084	2.242
2.042	2.550
-0.243	1.892
1.488	0.944
1.374	2.710
0.130	-0.294
0.774	2.070
1.667	1.382
1.568	0.618
1.746	-0.295
0.642	0.308
0.688	1.600
2.574	0.736
0.104	2.105
0.954	0.422
1.412	0.811
0.196	1.059
-0.253	-0.782
0.886	1.022
0.377	1.602
1.772	0.072
0.250	0.721
1.504	0.720
0.469	-0.028
0.429	1.342
2.654	1.468
2.702	0.610
-0.122	-0.501
-0.330	0.644
1.198	-0.701
0.425	-0.907
1.479	0.636
-0.058	0.083
2.447	3.689
1.770	0.342
2.922	1.785
1.998	1.591
-1.443	0.968
-0.154	-0.926
-0.158	0.556
0.014	1.702
-0.491	-2.118
1.065	2.950
1.879	1.109
1.615	-0.322
1.253	-0.017
3.355	2.964
1.068	1.992
0.222	2.195
-0.752	-0.528
0.293	1.071
-0.393	0.719
1.393	0.023
1.047	1.939
0.356	0.718
1.184	1.116
1.355	0.618
1.478	0.824
2.237	0.438
2.755	2.288
0.397	0.611
0.933	1.539
1.056	-0.033
-0.402	0.650
0.491	1.285
1.405	1.536
1.772	1.506
0.460	1.373
0.805	2.109
3.515	2.086
0.681	0.883
1.821	3.612
1.476	1.593
1.885	3.111
1.777	1.018
1.306	3.792
-1.178	1.018
0.643	1.320
1.294	0.386
-0.340	1.836
-0.190	0.199
2.535	2.666
0.594	1.629
0.954	0.078
1.573	2.806
-1.547	0.070
3.651	3.615
0.344	0.836
0.833	1.911
1.045	0.400
-1.309	-1.955
2.196	2.432
0.674	-0.450
1.637	0.268
-0.907	-0.698
1.131	1.438
0.839	0.660
0.100	0.794
0.824	0.914
0.422	0.676
-0.925	0.652
1.437	2.730
-0.012	0.450
1.463	0.849
1.806	2.993
1.228	0.434
0.738	0.895
1.759	1.552
0.517	-1.768
2.539	2.197
2.401	2.784
2.247	0.811
1.685	2.708
0.505	1.183
0.263	0.631
2.160	1.106
0.652	1.046
-0.580	0.160
1.158	1.016
0.465	0.809
2.073	2.225
2.584	3.161
1.147	1.056
0.169	-0.604
1.667	-0.498
2.516	1.650
0.308	-0.452
1.310	1.659
0.531	0.812
0.203	1.813
1.885	1.948
0.747	0.932
1.670	1.041
0.762	2.114
0.864	0.145
0.254	0.086
0.800	1.902
1.111	0.660
1.720	0.938
-0.479	1.927
0.514	1.910
-0.366	-0.518
0.893	0.393
2.276	2.675
1.696	0.059
1.652	0.704
1.888	0.311
1.951	0.659
0.852	1.148
2.983	3.693
2.135	1.115
0.439	1.608
0.030	-0.475
0.697	0.371
2.932	2.616
1.792	2.432
0.209	-1.021
2.333	2.743
2.445	0.266
0.299	0.067
0.627	1.468
1.655	1.403
3.540	0.259
1.560	1.648
0.188	0.932
-0.280	0.271
-0.563	-1.318
0.660	2.168
1.679	0.165
1.171	-0.198
-0.138	1.966
2.427	1.491
2.549	1.199
2.413	1.478
-0.017	1.172
3.562	4.020
0.905	1.772
1.150	-1.100
2.224	0.784
0.474	0.557
0.512	2.096
0.783	0.922
2.428	2.049
3.040	2.034
-1.335	-2.004
-1.065	0.020
2.918	2.329
2.547	1.664
0.490	1.796
1.218	0.014
1.399	1.635
0.744	0.788
1.591	2.850
0.828	0.750
1.808	2.096
2.601	3.386
0.472	-1.151
1.318	2.224
2.747	1.088
2.901	2.002
1.295	1.861
2.272	1.874
0.367	4.023
0.691	1.739
0.974	3.396
2.979	1.618
-0.493	0.897
2.265	1.516
2.727	-0.422
1.559	1.285
2.300	0.821
2.393	0.280
0.934	1.298
0.298	2.611
-0.465	1.207
-1.116	0.043
1.613	1.988
0.025	-0.444
1.070	1.352
0.661	-0.035
1.400	1.155
-1.506	0.310
1.522	0.488
1.276	2.705
0.752	1.340
1.928	0.268
-0.211	-0.406
1.016	1.940
2.968	2.869
0.067	0.027
0.830	1.632
1.598	0.741
2.606	0.480
-0.668	2.266
3.019	1.003
0.987	0.289
1.607	1.596
1.012	-0.134
1.182	1.161
2.104	2.206
1.099	0.739
-0.306	1.355
1.158	2.812
1.431	3.126
0.875	2.095
1.148	-0.925
1.530	0.155
0.178	-0.238
1.192	0.668
0.931	0.911
0.882	2.743
1.250	2.282
1.198	0.833
0.735	0.480
1.216	2.909
2.965	1.384
-0.138	1.324
-0.681	-0.385
0.859	0.360
3.137	2.608
1.714	-0.443
0.258	1.594
3.425	2.456
0.171	1.791
-1.032	1.116
0.722	-0.376
1.068	1.159
0.654	2.152
2.206	1.419
-0.140	-0.262
-0.115	0.705
-0.226	1.004
1.735	0.738
1.934	0.084
1.275	0.540
0.959	1.258
-0.324	0.166
-0.597	-0.494
-0.856	0.228
0.189	0.136
1.000	-0.886
0.667	1.376
1.346	3.684
1.822	0.933
2.278	0.693
1.421	2.613
0.281	-1.415
0.936	-2.385
1.276	0.529
-0.684	-0.504
1.113	0.691
1.196	1.663
1.718	-0.427
-1.396	-1.228
2.538	1.881
2.027	1.005
-0.646	-0.280
-0.487	-1.603
0.611	1.363
1.890	0.890
1.358	2.067
1.579	0.669
1.621	1.623
-0.453	1.808
0.630	0.554
2.196	1.763
2.455	2.605
3.183	0.667
1.584	2.225
0.098	0.483
1.967	3.417
2.338	2.199
-1.317	0.397
0.329	2.108
0.047	0.747
0.802	-0.240
2.915	2.883
2.215	3.531
1.016	-0.711
1.232	-0.109
0.432	2.081
1.488	-1.858
1.143	3.606
1.094	0.346
0.340	-0.857
1.517	1.982
0.407	1.898
0.960	0.239
0.268	1.350
2.671	0.319
1.523	0.463
-0.880	0.815
0.606	-0.754
1.285	0.553
1.489	1.490
2.471	2.944
1.536	2.849
-1.307	-0.518
1.255	0.924
2.201	2.969
1.072	2.113
0.958	1.581
-0.133	-0.538
1.109	2.510
3.617	2.525
2.161	2.403
1.192	0.741
2.900	2.009
2.681	2.099
1.568	2.944
2.078	2.359
0.710	2.447
1.485	1.813
2.130	2.436
2.123	2.209
1.490	3.435
1.824	3.103
1.400	3.591
1.676	1.779
1.618	2.328
3.567	1.226
2.258	1.674
1.679	3.570
2.746	2.313
1.943	1.226
2.032	-0.136
2.185	1.997
2.054	2.370
1.371	1.014
2.092	1.354
2.277	2.989
2.880	1.987
1.968	1.984
2.058	2.032
2.861	3.274
2.109	2.192
1.661	0.504
1.931	1.788
1.702	3.533
3.314	1.524
2.654	1.359
2.233	1.098
2.226	0.617
2.406	1.597
2.787	2.430
1.351	2.554
2.309	1.252
1.487	1.862
2.700	0.729
2.543	1.852
1.764	2.783
2.621	3.885
1.525	2.570
2.122	0.531
1.655	2.909
1.404	1.120
1.729	1.390
2.741	1.669
3.054	3.645
1.717	1.224
2.473	1.454
1.041	2.029
2.169	2.535
2.141	1.398
3.743	2.774
2.329	1.703
2.226	1.999
2.287	2.641
2.303	1.321
2.183	2.784
2.125	1.216
2.484	0.965
1.995	3.347
3.038	1.962
1.827	1.493
1.349	2.373
1.766	1.609
2.037	1.664
2.031	2.191
1.783	1.544
2.460	1.766
1.019	1.501
2.133	1.129
2.000	3.652
1.872	3.165
2.262	1.351
2.318	3.110
1.212	2.632
3.107	2.058
2.453	2.158
2.450	0.664
2.769	1.067
1.998	1.566
1.759	1.132
2.112	2.612
1.425	1.808
1.234	3.373
1.343	1.514
1.885	1.981
2.067	3.324
2.307	1.074
2.015	0.034
2.511	2.836
1.076	2.669
1.635	1.227
2.165	2.473
2.590	1.436
3.305	1.762
2.657	1.815
2.524	2.432
1.164	3.146
1.883	1.961
2.431	3.073
1.921	2.697
1.235	2.502
2.349	2.074
1.144	2.591
0.645	1.860
1.980	1.302
2.233	3.565
0.055	2.185
1.967	0.826
2.379	1.455
1.476	1.477
1.252	1.184
3.073	2.768
2.788	2.670
2.041	2.349
2.146	2.059
2.698	1.288
1.715	2.038
2.315	2.026
2.254	2.737
1.692	0.974
1.924	0.957
2.389	1.438
1.966	2.823
2.119	1.431
1.737	2.290
1.905	2.651
1.117	1.132
2.731	2.977
1.941	3.417
2.217	2.562
1.133	1.560
2.196	1.643
3.079	2.100
2.358	0.849
2.131	3.241
2.237	2.677
2.557	3.160
2.391	2.320
1.854	1.930
1.642	1.865
2.373	0.740
2.066	2.468
1.811	2.958
1.999	3.253
2.026	0.605
1.730	2.304
0.881	1.751
2.432	1.929
2.375	1.827
2.176	3.545
1.639	1.491
1.371	2.055
1.123	1.849
1.389	2.400
2.488	2.436
1.547	2.991
1.358	0.917
1.697	2.964
2.058	2.382
0.753	2.156
3.182	0.853
1.810	1.410
2.707	0.471
1.791	2.789
1.032	2.314
1.363	0.973
1.751	2.364
2.253	1.757
2.235	2.130
2.116	1.371
1.812	2.029
2.018	2.750
1.481	2.736
1.992	1.629
1.578	1.660
1.269	1.591
2.069	2.239
1.732	1.826
1.916	1.779
2.399	1.239
1.311	2.268
1.455	2.500
1.208	0.967
1.383	2.992
1.940	2.983
1.483	2.826
3.138	2.330
2.417	1.721
2.561	2.581
1.907	2.656
1.074	2.334
2.225	0.941
2.137	2.083
2.033	1.250
2.348	2.902
2.288	1.334
1.035	1.937
2.748	1.438
2.739	1.236
3.083	2.000
1.220	2.749
1.450	1.189
1.682	1.630
2.213	2.414
1.528	0.904
1.792	2.015
1.535	2.815
2.950	1.082
2.212	3.332
2.213	2.205
1.301	1.612
1.203	1.377
1.965	2.366
2.204	2.084
2.353	1.135
2.523	2.094
1.416	1.804
1.234	2.263
1.680	0.713
3.079	1.962
1.937	0.844
1.915	1.191
2.241	2.020
1.492	2.462
1.706	2.655
1.918	2.384
0.963	3.372
2.034	2.900
1.464	2.320
2.762	1.958
1.737	1.836
1.672	2.460
2.817	2.133
1.787	2.996
1.854	2.474
1.008	0.355
2.066	1.228
1.680	2.129
1.600	2.700
2.588	0.557
1.706	3.162
1.820	1.666
1.987	2.209
2.147	2.809
0.780	1.097
2.165	0.396
1.977	2.244
1.720	1.403
3.003	2.054
2.961	0.870
2.869	1.540
2.615	2.316
2.194	1.646
1.390	1.717
2.675	1.895
1.522	2.751
1.289	2.609
1.280	1.633
2.602	1.633
1.918	3.172
2.462	1.606
2.115	2.740
1.373	0.155
1.879	2.682
1.757	0.980
2.577	0.497
2.663	1.416
3.095	2.735
2.749	1.467
2.417	1.665
1.327	2.465
1.152	2.980
1.370	1.750
1.651	1.545
1.954	2.211
1.752	1.058
1.768	2.785
2.279	2.403
2.124	1.134
1.392	2.017
3.226	1.694
2.435	3.288
1.892	2.548
1.439	1.921
1.547	2.116
1.611	1.436
2.211	2.015
3.178	2.531
2.255	2.866
2.366	3.101
1.239	2.556
1.768	1.628
1.463	2.318
2.123	1.248
1.873	3.994
1.918	2.590
2.292	3.897
1.961	2.595
2.244	1.978
2.373	2.586
1.893	0.595
2.543	3.711
2.014	0.753
1.331	2.416
1.395	2.255
1.723	1.103
1.127	2.915
2.024	2.239
2.095	1.887
1.252	2.723
1.423	1.184
2.522	2.918
1.657	1.947
2.078	1.267
1.810	1.237
1.337	2.123
1.595	0.333
1.793	1.860
2.283	2.979
2.240	1.969
3.133	2.741
2.849	1.988
1.898	2.284
1.585	2.928
2.177	3.316
2.169	1.732
1.855	1.948
1.917	2.037
2.788	2.701
2.494	4.264
1.696	2.047
2.321	1.987
1.969	0.329
1.618	2.531
1.271	3.377
1.480	1.458
1.173	1.779
2.052	1.463
2.445	3.473
1.262	2.399
0.338	2.345
1.778	1.834
2.277	2.554
1.841	1.311
1.133	2.742
1.127	3.036
1.880	2.208
1.161	1.287
2.513	1.606
1.658	1.991
2.132	1.073
1.635	0.398
1.206	1.159
2.647	2.140
2.154	1.160
1.934	1.997
2.092	3.054
2.697	1.621
2.359	2.207
1.765	1.703
1.984	1.872
1.642	2.705
2.374	2.044
2.676	3.014
1.802	2.363
1.133	1.526
1.828	3.291
1.689	1.990
3.050	2.454
2.845	2.336
1.688	3.717
1.474	1.886
2.595	2.001
2.477	1.521
2.197	1.142
1.779	1.353
1.494	1.882
1.064	1.441
2.490	1.619
2.625	2.574
1.719	1.354
2.409	2.455
2.454	2.208
3.257	2.718
1.236	0.128
2.716	2.380
1.638	1.843
1.629	2.182
2.826	2.525
2.730	1.180
2.108	2.851
1.367	1.096
2.397	2.463
1.621	0.372
2.016	1.733
2.954	3.178
1.293	1.585
2.330	2.071
1.852	3.647
1.652	2.255
2.038	3.045
2.729	2.244
2.501	1.136
2.059	1.447
1.168	2.142
1.595	2.007
1.342	2.666
1.683	3.460
2.233	1.068
1.531	2.815
3.202	3.352
1.334	2.171
2.072	1.538
2.712	2.272
2.352	1.673
2.131	1.868
3.001	1.724
1.896	0.795
2.560	1.090
2.020	2.521
1.988	1.950
2.356	1.080
1.954	2.119
2.327	2.305
1.167	3.968
1.579	2.478
2.411	1.707
1.526	1.440
2.281	3.100
0.447	2.109
2.611	2.353
2.069	2.060
1.557	3.677
2.219	1.395
2.974	1.425
1.277	1.505
2.495	2.550
1.771	2.154
2.832	2.256
2.042	1.706
2.139	0.380
2.290	2.040
2.233	1.461
2.664	1.990
0.748	2.249
2.910	1.370
1.267	3.344
1.568	2.227
2.936	1.504
2.708	2.745
4.089	2.336
2.728	1.993
1.110	2.623
2.196	0.460
1.669	2.586
1.827	3.118
2.011	1.149
1.922	1.769
2.009	1.028
2.309	1.260
2.398	2.929
2.483	2.498
2.294	0.702
1.602	1.104
1.296	0.843
1.501	1.481
2.664	2.812
1.859	4.048
1.939	2.396
2.436	3.422
2.086	2.838
1.752	0.625
1.757	2.980
2.503	2.358
2.943	2.941
1.995	1.292
1.820	3.157
1.285	1.868
2.396	2.972
1.760	2.993
1.334	1.690
2.302	2.362
2.169	1.196
2.255	1.954
2.282	1.816
2.251	3.162
1.293	2.270
1.528	2.367
2.110	1.326
1.973	1.083
