1.822	1.937
2.087	2.865
2.892	0.512
2.179	0.773
1.704	2.335
2.653	0.953
1.646	2.043
1.814	1.994
1.868	3.777
2.356	1.119
1.629	1.582
2.789	3.217
1.879	0.968
1.897	2.848
1.836	2.245
1.111	2.883
1.495	2.029
2.124	1.731
1.824	2.418
2.873	1.109
1.590	3.512
1.682	3.929
2.976	2.198
2.883	2.786
2.155	3.535
1.526	0.891
1.831	1.549
2.078	1.787
2.875	2.255
1.429	3.390
1.999	2.290
2.630	2.027
2.226	0.839
2.370	1.618
1.452	2.303
1.806	1.361
1.617	1.636
2.131	2.902
2.142	2.186
1.639	0.769
1.955	0.984
1.672	1.689
1.202	3.868
2.367	2.713
2.532	2.461
1.685	0.334
1.819	1.046
2.597	3.058
1.053	1.694
2.636	2.064
2.552	1.977
1.271	2.929
1.673	0.956
1.587	1.530
0.422	1.938
2.727	1.208
1.366	0.946
2.298	1.420
1.697	2.033
2.131	1.844
1.374	3.302
1.476	2.022
2.107	2.434
1.661	4.129
2.191	0.543
1.333	2.225
1.255	1.341
1.907	3.100
2.578	2.553
1.923	1.044
1.577	0.959
0.799	1.117
1.702	1.544
2.604	2.311
1.866	1.224
1.884	3.701
1.861	2.100
3.261	2.080
1.917	2.378
2.135	2.680
1.504	1.423
2.167	1.084
1.203	2.290
1.469	1.801
1.930	2.479
2.215	3.523
2.216	2.263
2.755	1.489
2.106	1.247
3.152	2.276
2.075	2.382
2.389	2.169
2.240	1.407
2.678	2.505
3.190	1.924
2.046	3.390
2.360	1.611
1.823	2.116
1.394	0.681
2.052	1.224
1.513	2.024
2.306	1.726
1.236	2.390
1.896	1.078
2.499	3.026
1.507	2.414
1.941	2.800
2.205	1.962
1.442	2.801
1.285	1.428
1.822	1.683
2.630	3.405
1.971	2.529
1.379	1.870
1.673	2.177
1.601	2.887
2.013	0.374
1.636	2.345
1.882	2.756
1.925	2.545
2.906	2.602
2.574	1.745
2.239	1.916
1.553	1.697
1.123	1.739
1.568	1.516
2.103	1.190
2.081	2.824
2.150	2.488
2.655	2.107
1.313	2.030
1.816	1.474
1.659	2.411
2.050	1.784
1.839	2.774
2.789	1.935
2.306	2.821
1.144	1.870
2.647	2.011
2.124	1.746
2.089	2.358
0.905	1.657
2.644	2.513
1.593	2.214
2.006	2.762
2.344	2.245
2.116	1.692
1.922	1.595
1.622	0.809
2.356	1.774
2.675	2.547
1.324	1.094
1.779	2.295
2.248	3.209
2.349	3.141
1.938	1.971
2.030	1.895
3.021	0.967
2.839	1.165
2.399	2.150
2.742	1.242
1.743	2.703
2.339	1.685
1.955	1.857
1.752	1.685
1.780	1.419
1.631	2.496
1.500	2.118
2.755	2.334
1.334	1.946
1.516	2.702
2.503	2.103
2.126	2.072
2.391	2.832
2.526	3.061
1.979	2.901
2.334	2.380
2.058	1.866
2.570	1.942
1.843	1.889
1.534	3.619
3.166	3.680
1.670	1.359
2.333	1.728
3.016	2.056
3.034	3.435
1.955	3.293
2.183	2.114
1.591	2.908
2.537	2.787
2.170	2.617
1.338	3.804
1.672	2.895
2.096	2.455
1.799	2.316
1.317	2.422
0.448	0.988
1.252	3.765
1.630	2.362
2.605	2.479
2.202	2.568
2.139	2.969
2.360	3.069
2.680	1.689
1.745	2.092
2.418	2.030
1.261	2.387
1.081	2.119
1.458	2.092
1.651	2.057
2.038	2.352
1.495	1.288
1.975	0.471
2.172	1.619
2.217	1.974
1.714	3.169
1.343	2.414
1.653	2.432
3.248	0.596
2.055	0.801
2.266	1.168
2.020	2.071
1.391	0.987
2.287	1.188
2.203	1.445
2.486	0.755
0.761	1.590
2.195	1.700
2.329	1.830
2.596	2.644
2.504	1.967
1.954	1.373
2.463	1.786
2.020	0.951
2.098	2.507
1.521	1.889
2.197	2.527
1.899	2.165
2.445	2.820
2.473	2.498
0.841	0.914
1.274	2.301
2.597	1.939
1.958	1.739
2.098	0.761
2.447	1.961
2.166	1.769
1.919	1.301
1.119	2.126
2.197	0.272
2.081	2.050
2.478	1.407
1.388	3.737
2.420	3.709
2.317	1.547
2.682	2.501
1.485	3.535
2.221	1.413
2.370	2.684
2.066	3.877
2.723	2.073
2.375	1.904
2.408	2.579
2.319	1.830
2.731	1.159
1.167	2.920
2.404	2.408
1.020	1.098
1.479	2.348
1.601	2.088
2.214	1.230
2.982	2.850
1.639	2.990
1.564	1.763
2.259	2.254
1.090	1.876
1.159	2.281
1.754	1.715
2.594	3.839
2.271	0.988
2.868	4.294
1.172	3.377
2.001	2.694
2.402	2.496
1.240	1.355
2.127	0.742
2.650	2.494
1.127	2.702
1.681	1.421
2.348	1.294
2.707	2.715
2.268	2.025
2.535	2.185
2.495	1.599
2.070	1.374
2.346	1.902
2.114	2.360
2.081	2.166
1.779	0.735
2.206	3.251
1.304	3.322
2.879	2.125
-0.079	2.064
2.894	1.409
3.051	1.836
2.193	1.104
2.771	2.811
2.560	1.903
1.456	2.518
0.210	0.512
2.388	2.533
2.200	2.941
2.826	2.643
1.382	2.323
2.769	2.783
1.959	1.527
1.585	2.476
2.242	1.876
1.464	2.144
1.395	1.398
1.444	1.194
2.644	0.543
2.737	1.896
2.420	1.418
1.675	2.198
0.794	3.229
2.944	2.556
2.107	2.502
2.340	2.703
2.074	1.311
2.973	2.151
1.721	1.897
1.798	1.475
1.446	1.932
1.792	1.114
2.439	1.580
2.053	1.197
1.831	1.545
2.745	2.628
1.584	1.967
2.134	0.774
2.760	1.810
1.919	1.909
1.908	2.996
2.079	1.607
2.677	1.057
0.974	1.947
3.144	1.119
2.193	2.160
2.515	2.031
1.947	2.607
0.742	0.914
1.705	3.032
1.390	1.780
1.530	2.925
1.603	2.161
1.944	1.208
1.927	2.697
2.077	2.685
1.810	2.731
3.095	2.160
2.387	1.455
0.774	1.679
3.253	2.351
1.678	2.693
1.766	2.291
1.953	2.781
2.336	2.696
1.370	1.644
1.774	2.243
3.606	1.873
1.837	1.524
1.197	1.215
2.013	2.764
3.166	2.400
2.704	3.235
1.997	0.761
1.912	3.431
2.216	2.478
2.083	2.146
1.539	2.146
2.068	1.516
1.922	2.314
2.606	1.881
0.739	1.107
0.914	2.235
2.593	2.838
2.481	0.426
1.581	1.438
1.286	2.118
2.101	3.725
2.534	2.114
1.428	1.051
2.016	2.146
1.844	2.029
2.451	1.649
1.740	3.223
2.188	2.435
1.727	1.369
2.310	3.044
2.870	1.915
2.582	1.573
2.132	1.024
2.519	0.180
1.605	2.543
2.567	1.548
2.610	2.087
1.071	1.961
2.415	2.434
1.963	2.606
2.056	2.325
2.779	1.545
1.340	1.301
1.762	3.618
0.978	1.586
2.380	0.660
1.972	2.351
2.001	1.604
2.956	2.870
1.666	3.089
2.017	1.092
2.244	2.176
2.636	2.345
1.508	2.351
1.563	0.595
2.353	2.162
1.912	1.772
2.114	3.347
2.383	3.307
2.980	2.364
3.087	1.999
2.329	1.977
1.928	2.843
2.466	2.789
1.763	2.458
2.368	2.589
1.012	3.613
1.969	3.114
2.610	1.927
2.530	2.427
1.367	0.670
2.263	1.786
2.044	1.336
3.156	3.513
2.409	1.155
1.087	0.877
1.861	1.258
2.292	1.967
1.508	3.626
1.333	0.616
1.863	1.696
1.200	1.349
1.825	1.450
1.881	1.926
1.352	1.561
2.446	1.407
1.812	2.302
0.968	0.744
1.186	2.520
2.326	2.489
3.140	1.194
2.307	1.154
1.754	0.742
2.323	1.968
1.184	0.379
2.142	1.733
3.401	2.769
1.710	2.940
1.692	1.462
2.443	1.988
2.615	2.906
1.836	1.204
1.457	1.573
1.923	1.609
2.101	1.932
1.965	0.933
3.264	1.394
0.902	1.985
2.577	0.956
2.010	2.442
1.701	1.840
2.225	0.475
2.473	1.590
0.744	2.092
2.025	2.085
2.617	1.809
2.434	0.854
2.157	1.307
2.911	2.447
1.787	2.643
2.779	2.237
1.645	1.571
1.108	1.871
1.395	2.284
2.991	0.617
2.241	1.556
2.170	1.870
1.923	2.052
2.097	2.481
1.709	2.922
0.861	1.956
-0.132	-2.347
0.836	1.249
1.062	2.898
1.009	1.731
0.351	-1.246
0.351	0.970
1.091	0.270
-0.369	0.106
2.722	3.935
0.820	0.965
0.550	3.877
2.037	-1.580
0.683	1.402
3.261	1.536
0.409	-1.319
1.869	1.831
1.591	2.119
0.328	3.844
1.395	0.901
2.044	2.123
1.583	1.397
-0.059	1.293
0.583	1.257
0.367	0.386
0.565	1.369
1.271	1.031
0.622	1.796
1.343	0.545
0.912	0.208
-0.139	0.334
0.326	0.230
-1.046	-0.536
2.058	3.266
2.419	1.586
0.106	0.332
-0.018	0.270
2.772	1.414
1.257	2.379
0.882	0.261
1.699	2.006
0.750	-1.426
2.550	1.270
1.314	1.886
-0.175	-0.758
2.477	1.555
1.683	-0.299
0.614	2.031
1.267	0.624
2.298	0.781
0.956	2.361
0.990	2.228
1.734	2.891
1.579	1.078
2.136	1.135
1.186	-0.245
1.212	0.901
-0.193	2.608
0.005	0.802
1.605	2.296
1.818	3.215
0.782	1.060
0.197	-0.371
1.083	0.494
0.236	0.301
-1.016	-0.398
0.899	1.154
0.992	0.128
1.503	0.781
0.359	2.908
0.303	-0.682
2.754	1.242
0.460	-0.298
1.321	0.753
1.306	1.652
1.786	0.157
1.216	3.004
1.292	2.307
1.127	1.765
3.455	-0.657
3.052	0.981
-0.762	0.812
2.423	1.428
0.006	-0.035
-0.821	2.409
0.765	0.814
1.375	1.162
1.865	0.881
1.653	1.171
0.546	2.354
-0.014	0.269
0.436	-0.435
0.705	0.371
1.858	0.268
-0.748	0.696
1.744	1.200
2.366	3.189
1.099	2.571
2.250	2.046
0.100	1.321
3.392	1.600
1.137	0.682
1.507	0.730
0.630	1.283
0.669	0.666
2.557	3.432
2.248	1.048
0.636	1.386
1.296	1.161
1.192	2.233
-1.075	-0.588
2.540	1.692
1.611	1.302
0.116	0.477
1.849	2.121
1.764	1.317
3.183	4.000
-0.134	-1.328
1.096	1.994
0.662	2.469
0.725	0.378
0.943	1.350
2.161	-0.195
0.782	0.494
-0.032	0.302
0.918	0.907
-0.340	0.568
1.416	2.804
0.314	-0.080
1.156	2.253
2.389	2.486
3.868	3.587
3.293	2.548
0.435	0.411
1.373	1.460
1.603	2.863
0.180	0.086
0.726	-0.522
-0.612	-0.808
1.043	1.187
3.661	4.945
-0.079	0.895
0.760	1.172
3.298	4.338
0.247	0.711
0.991	0.104
-0.391	0.415
0.836	2.087
1.973	0.255
0.050	1.117
0.359	-0.086
0.441	0.577
1.086	0.201
-0.205	2.008
1.384	0.981
2.464	-0.075
0.209	0.903
0.821	1.753
-0.006	2.524
0.777	1.648
1.598	-0.075
1.582	1.684
1.038	2.322
0.778	-0.389
1.975	0.164
-1.566	-1.135
0.634	1.497
1.469	1.625
0.868	0.510
1.721	1.863
3.475	3.635
0.867	1.099
0.742	0.436
0.881	2.092
-0.425	-0.282
-0.004	-0.170
0.525	-0.310
1.350	4.201
-0.886	-0.391
1.212	1.190
3.019	1.764
0.295	-0.706
1.123	1.777
1.448	2.003
1.654	1.293
2.121	2.912
0.094	-0.869
-0.403	-0.943
1.877	2.651
1.817	4.028
-0.102	-0.704
2.416	1.963
1.057	1.960
-1.524	-1.464
1.326	2.561
0.706	0.755
0.822	1.397
2.160	3.545
1.470	3.937
1.145	0.607
0.561	1.298
0.292	1.292
1.231	2.290
0.272	-0.868
1.388	-0.256
3.056	2.914
-1.176	-0.125
1.281	0.791
0.998	-1.535
0.129	0.430
-0.697	1.102
1.681	2.857
2.391	1.106
0.147	2.268
1.201	3.056
-0.130	-0.881
1.241	0.178
0.654	-0.678
1.437	0.836
1.899	1.604
1.908	1.093
4.225	2.840
1.015	2.631
2.394	0.650
1.015	3.499
-0.621	-1.933
3.088	0.935
0.187	1.711
1.514	1.794
1.525	-0.362
1.191	1.396
0.940	1.857
0.911	2.468
1.738	2.141
0.768	1.027
0.718	0.611
2.706	1.969
0.944	0.761
0.209	0.339
1.638	1.103
0.896	2.109
0.054	0.823
0.436	1.250
-0.327	0.871
0.860	-0.385
1.925	0.021
2.602	2.445
1.428	-0.255
2.121	-0.329
0.873	-0.100
0.907	-0.922
1.117	-1.390
2.263	2.619
0.130	0.491
0.928	0.128
0.375	1.090
2.246	0.799
1.353	0.518
1.501	-0.166
0.194	1.012
1.629	0.640
0.830	0.444
0.628	0.802
0.537	2.188
2.656	1.641
1.667	1.616
0.878	-0.938
2.186	-0.615
1.412	-1.079
1.579	0.932
-0.187	-0.934
1.541	3.265
-0.708	-2.313
0.738	2.197
-0.188	0.660
1.199	1.175
2.115	3.557
0.502	2.793
0.379	0.681
0.359	3.560
-0.044	1.785
0.643	0.012
1.430	1.277
1.226	1.281
0.532	1.106
0.893	0.870
0.931	1.175
0.554	2.835
1.476	2.143
0.627	1.007
2.643	3.287
0.981	1.348
0.777	0.434
0.535	2.506
1.538	2.974
2.247	0.676
1.263	0.477
2.622	3.798
-0.263	1.366
2.017	2.298
-0.270	-0.580
1.289	0.940
2.754	3.063
2.738	2.362
2.614	2.860
1.295	1.249
-1.399	2.365
0.651	1.975
0.057	0.689
0.833	-0.340
0.952	1.664
1.317	0.049
0.426	0.902
1.127	0.724
1.374	1.553
1.251	0.864
-1.331	0.092
0.446	-0.766
2.123	2.865
2.123	3.505
0.396	3.341
1.034	1.640
3.777	0.555
0.363	0.160
0.934	1.728
-0.325	-2.005
1.132	1.232
-0.313	-0.184
1.406	2.874
1.950	1.067
1.202	0.968
1.793	-0.353
0.669	1.474
0.751	0.564
0.556	2.700
0.817	-0.571
1.671	2.229
-0.546	3.006
-0.071	-1.635
0.467	0.292
1.033	1.749
2.903	1.291
0.612	0.036
-0.124	0.606
0.998	0.298
1.120	0.102
-0.578	-1.589
-0.747	1.675
1.051	2.883
-0.051	1.565
1.414	-0.579
0.024	-0.698
2.133	3.315
0.010	1.843
2.096	1.335
0.681	0.777
1.789	1.622
0.381	2.146
0.397	0.813
2.337	2.632
2.331	3.494
0.967	1.654
1.033	-1.471
2.751	4.789
-1.621	0.094
2.745	-2.126
-0.326	-0.772
1.521	1.457
1.725	1.849
1.671	-0.158
1.098	1.714
1.027	0.611
1.854	0.185
1.728	0.927
2.073	3.739
0.993	1.212
1.862	0.847
1.227	0.821
1.617	-0.119
1.388	1.959
1.586	1.352
1.847	0.710
0.732	0.606
1.018	1.241
0.719	0.513
-0.269	1.760
-1.133	-1.485
2.148	2.827
-0.222	2.074
1.492	1.936
2.113	0.327
1.990	1.319
0.784	1.406
1.322	-1.792
0.126	-0.509
0.129	-0.697
1.546	1.587
1.106	1.442
-0.771	1.208
2.295	1.742
0.931	2.743
-0.279	0.360
2.372	-0.659
2.120	0.677
0.797	-0.136
0.269	1.267
0.988	-0.125
0.025	-0.989
1.736	0.925
0.741	1.801
-0.233	1.293
-0.048	2.003
0.136	-0.308
1.865	-0.938
0.682	1.631
1.077	3.134
1.652	1.430
0.480	1.788
1.088	1.661
-0.109	-1.690
1.563	0.763
1.318	0.465
2.293	0.625
3.590	1.615
0.290	2.090
0.562	-0.501
1.076	1.020
-0.190	1.677
1.893	-0.203
0.770	0.755
3.059	2.508
-1.158	-0.730
0.218	1.647
-0.035	0.074
1.146	2.365
1.818	2.450
2.011	1.600
1.763	2.795
2.221	1.260
2.585	1.044
1.492	0.824
-0.312	-0.727
0.557	0.354
0.277	-2.126
1.651	2.050
1.055	1.334
-0.797	-0.788
1.382	0.307
0.770	0.949
0.404	0.341
1.341	2.652
0.334	-0.636
-0.084	0.095
1.362	0.331
0.260	-0.411
2.192	0.874
1.374	-0.795
1.437	1.637
-0.938	0.067
1.927	1.774
1.636	-0.665
2.292	-0.799
0.034	0.203
0.359	1.057
1.819	0.763
3.033	2.436
-0.181	2.159
0.997	0.596
0.937	-1.491
0.054	-1.578
1.490	3.020
0.553	1.737
-0.167	-0.747
1.996	1.728
2.194	1.948
0.850	1.219
1.694	-0.015
1.361	-0.600
0.897	0.906
2.389	0.320
2.335	1.200
-1.112	-0.853
1.881	0.482
0.492	0.414
0.554	1.164
1.270	0.924
0.304	-0.538
2.225	2.883
1.385	1.427
0.146	-0.503
0.642	0.993
0.534	-0.262
0.895	2.195
0.532	-0.031
2.444	1.778
1.552	2.267
2.052	1.710
1.285	0.435
2.189	3.696
1.279	-0.964
