0.062467 0.01446 -0.001459 
-0.053251 -0.0049 -0.006463 
-0.110531 -0.001406 0.005402 
-0.030512 0.012659 -0.019814 
0.054931 0.005584 0.00779 
-0.02656 0.010765 0.000023 
-0.054956 0.0031 -0.009739 
-0.031497 0.008853 -0.001836 
0.071358 -0.008949 -0.009615 
0.061443 -0.004238 -0.012684 
-0.053692 0.013541 -0.010291 
-0.062615 0.013633 -0.009964 
0.044586 -0.003167 -0.007607 
-0.007949 0.018413 -0.000675 
0.027788 0.022734 0.008454 
0.009799 0.011569 0.006045 
0.006155 0.01299 0.005531 
-0.003237 0.010988 0.002953 
0.01813 0.003784 0.007737 
0.072138 0.005331 0.001374 
-0.007945 -0.007567 0.010768 
-0.034661 0.004342 0.001741 
0.07317 0.006573 0.001933 
0.06256 0.015088 0.002477 
-0.005571 0.024722 -0.019073 
-0.049504 0.006363 -0.001716 
0.076225 -0.006661 0.002418 
-0.042728 0.004516 -0.002278 
-0.043809 0.003946 -0.007736 
-0.036037 0.011446 -0.010405 
-0.031697 -0.00515 0.005573 
0.085806 -0.011557 -0.017224 
0.04145 -0.000409 -0.009802 
-0.047917 0.004523 -0.010242 
0.042903 0.011439 0.010224 
0.039441 -0.003821 -0.005717 
0.057277 0.004238 -0.003118 
0.062259 -0.009683 -0.000078 
-0.106988 0.015552 -0.003012 
-0.017193 0.008514 0.001536 
0.063504 -0.003103 -0.012145 
0.057339 0.019387 0.005328 
0.02618 0.013289 -0.001193 
-0.045629 -0.005732 0.00563 
0.054254 -0.000067 -0.021125 
0.042902 -0.000056 -0.006499 
-0.009938 0.001434 0.004088 
0.034024 -0.004347 -0.024308 
0.064248 0.01052 0.00319 
0.046133 0.008521 0.000992 
-0.017816 0.019119 -0.009384 
-0.034559 0.012679 -0.008963 
-0.032598 0.002531 0.000424 
-0.078047 0.006261 -0.004511 
0.063647 -0.004241 0.019567 
0.019438 0.022008 0.006165 
-0.053755 -0.008005 -0.001439 
-0.036693 -0.000149 -0.003271 
-0.027296 -0.007657 -0.012921 
-0.038769 0.000557 -0.006588 
0.054193 -0.002297 -0.01051 
-0.009664 0.018174 -0.004095 
-0.002611 0.021563 0.000047 
0.096969 -0.010078 -0.010624 
0.094811 -0.012033 -0.007755 
0.017402 -0.003539 0.008468 
-0.043648 -0.014732 -0.015895 
0.079812 -0.009697 -0.00022 
0.016456 -0.004885 0.008975 
0.095592 -0.0145 -0.003641 
0.073665 -0.004543 -0.01469 
-0.058814 0.001502 -0.004682 
-0.010545 0.019246 -0.008342 
-0.042872 0.000013 -0.015666 
0.039678 -0.018884 0.021745 
-0.031484 0.015662 -0.018107 
-0.03845 -0.001645 -0.004375 
-0.072149 0.009745 -0.014348 
-0.034827 -0.001207 -0.003356 
-0.071456 0.010367 -0.013787 
-0.014617 -0.010723 -0.003828 
-0.018071 -0.004556 -0.007911 
0.011474 0.020172 -0.001181 
0.010518 -0.007437 -0.005255 
0.046347 -0.007418 -0.00825 
-0.039952 -0.015058 -0.020519 
-0.000831 -0.00115 -0.01321 
-0.022004 0.013575 -0.000426 
-0.08638 -0.016292 -0.011761 
0.046395 -0.001369 -0.005969 
-0.036574 0.001514 -0.009588 
-0.047232 0.002612 -0.005027 
-0.032268 -0.001864 0.005824 
-0.034103 -0.000998 0.006381 
-0.024179 -0.007297 -0.014032 
-0.029063 0.008651 -0.002675 
-0.059602 0.000597 -0.013651 
0.022938 0.009949 -0.005032 
0.078108 -0.012654 0.002441 
-0.018855 0.015406 0.004808 
-0.020514 0.013436 0.004524 
-0.057293 -0.03012 0.011619 
-0.015059 0.005282 -0.003873 
-0.028574 0.001621 -0.010647 
-0.004052 -0.002058 0.003743 
0.044182 0.011811 0.001827 
0.030386 -0.002802 -0.01208 
-0.048299 -0.006317 0.001786 
0.08208 -0.01275 0.000313 
-0.068296 -0.001083 0.000091 
-0.0144 0.001851 0.005965 
-0.046558 -0.00652 0.002754 
0.077909 -0.005756 -0.006737 
0.091606 -0.016952 -0.006253 
-0.028857 -0.004016 0.001467 
0.029274 -0.006769 -0.013783 
-0.020717 0.017515 -0.017897 
0.022712 0.013297 0.004044 
-0.011756 0.01381 -0.002358 
-0.025086 -0.00302 0.006497 
-0.015335 0.016766 -0.004155 
0.043396 0.014045 0.001744 
0.028281 -0.002174 -0.015424 
-0.028172 -0.002295 0.027099 
-0.022585 0.011518 -0.010961 
0.010284 0.019571 0.001647 
-0.020734 0.011945 0.001683 
-0.021138 0.01082 0.002942 
0.062974 0.008821 0.002152 
0.038207 -0.007364 -0.01128 
-0.035853 -0.00315 0.001369 
-0.067841 -0.018083 -0.011358 
0.050112 0.009345 0.005739 
0.029007 0.013684 0.001271 
-0.045426 -0.011841 -0.015047 
-0.063698 0.006903 -0.013409 
0.017774 -0.012008 0.005334 
-0.023217 0.019295 0.002395 
-0.025108 -0.007767 0.006228 
-0.021372 0.015298 0.003879 
-0.063875 -0.025952 0.004128 
0.08248 -0.013296 -0.006393 
0.046428 -0.003205 0.004924 
0.099235 -0.020282 0.015094 
-0.010073 -0.00537 0.004664 
-0.061682 0.000593 -0.017223 
-0.050056 0.004387 -0.009926 
-0.021505 0.011144 0.00252 
-0.050883 -0.015083 -0.002867 
0.015968 -0.003797 0.008327 
-0.04876 -0.016161 -0.020118 
0.033257 0.016472 -0.005203 
-0.021767 -0.000101 -0.006742 
0.072713 -0.010752 0.002062 
0.019326 0.015142 0.001797 
0.067454 -0.009614 0.016413 
0.084659 -0.015207 0.009392 
0.021563 0.02066 0.00632 
0.049479 0.001902 0.017028 
0.021971 0.021603 0.003423 
-0.036917 0.00722 -0.010912 
0.010101 0.013561 0.00562 
0.088765 -0.019109 0.000797 
0.007309 0.012836 0.005355 
-0.064132 0.003782 -0.013836 
-0.036633 0.00245 -0.004363 
0.025087 0.01198 0.006814 
0.007243 0.013971 0.003586 
-0.054353 0.009157 -0.011921 
-0.019113 0.017772 0.005758 
-0.107041 0.000508 0.008932 
0.038951 -0.014376 0.015067 
-0.005952 0.019643 -0.013134 
0.079999 -0.012482 -0.015589 
-0.071905 0.006248 -0.005613 
0.070338 -0.007998 0.007333 
0.066933 -0.004915 0.000784 
-0.049637 0.005168 -0.012568 
0.020788 0.022601 0.004191 
0.003808 0.021089 0.003187 
0.009406 0.025022 -0.005808 
0.032755 -0.003118 -0.005086 
0.039862 0.003047 -0.004953 
-0.011383 0.018509 0.001564 
0.027554 -0.011941 0.004197 
0.002677 0.021124 0.000176 
0.027247 -0.009393 0.006636 
0.011255 0.017246 0.000019 
-0.006937 0.024752 -0.003199 
-0.044621 0.005924 -0.012606 
-0.010991 0.023246 -0.008314 
0.070169 0.006412 0.001527 
0.06659 0.006121 0.002033 
-0.009881 0.003091 -0.002354 
0.03246 0.017601 0.008378 
-0.084527 0.000297 -0.005706 
0.039677 -0.006939 -0.009805 
0.098683 -0.017665 -0.010219 
0.052156 -0.001989 -0.009495 
0.0135 0.019429 0.00386 
-0.009684 0.014301 0.000487 
-0.017131 -0.006941 0.001626 
0.050587 -0.006657 0.003592 
-0.011689 0.014368 -0.002227 
0.062759 -0.00934 -0.001647 
-0.072048 0.006079 -0.005781 
-0.000174 0.005423 -0.004101 
-0.010166 0.01736 -0.004432 
0.06685 0.006933 0.002014 
0.053139 0.010973 0.003977 
0.052838 -0.004689 -0.002427 
-0.015483 -0.00805 0.009359 
0.04515 -0.006385 -0.001889 
0.028632 0.019616 0.015425 
0.075703 -0.004682 -0.001775 
0.023306 0.019619 0.014368 
0.019134 0.012392 0.004122 
0.052124 0.005579 -0.005642 
0.005582 -0.006302 -0.008041 
0.028247 -0.003154 -0.004597 
0.074815 -0.009972 -0.000196 
-0.030799 -0.009854 -0.002246 
0.061288 0.010355 0.004285 
0.053518 0.002124 0.01216 
-0.071578 -0.01779 0.006276 
0.053126 -0.003216 -0.011465 
0.01472 0.01225 0.003124 
0.069644 -0.010634 -0.019442 
0.066135 -0.004712 0.003629 
0.032372 0.002416 -0.008374 
0.054776 -0.002951 -0.006124 
0.003531 -0.004409 -0.007451 
0.068688 -0.009065 -0.012244 
0.020064 0.00571 0.010738 
-0.020024 0.008274 -0.00132 
0.022524 0.018143 0.013661 
0.036494 0.003796 0.001631 
0.026135 0.000259 -0.008812 
0.045898 -0.00457 0.01353 
-0.021892 0.012851 0.013971 
0.019079 0.000505 0.008653 
0.057064 -0.000509 0.004981 
0.048454 0.013672 0.008976 
-0.075293 0.012241 -0.014659 
-0.068023 -0.002236 0.00145 
-0.007366 0.013737 0.001143 
-0.01108 0.018937 -0.007036 
0.022875 0.022808 0.003193 
-0.012503 0.009561 0.000251 
-0.046267 -0.000294 0.00551 
0.077333 -0.011474 -0.015745 
-0.072863 0.006673 -0.005757 
-0.079925 0.007349 -0.006562 
-0.071487 0.005981 -0.005639 
0.041795 0.01799 0.018829 
0.005555 0.018847 0.004281 
-0.080167 0.008019 -0.007106 
-0.071977 0.00599 -0.006678 
0.013452 0.016033 0.002324 
0.040944 0.016777 0.012583 
-0.002347 0.019366 0.004885 
-0.074794 0.005973 -0.005886 
0.060878 0.007096 -0.00386 
-0.026065 0.012005 -0.004327 
0.032089 -0.002931 -0.005614 
0.017841 0.016895 0.00315 
-0.010731 0.019096 -0.013297 
0.097204 -0.013277 -0.005334 
-0.011677 0.011285 -0.002551 
0.015572 0.014215 0.001628 
-0.054814 0.003037 -0.015528 
0.017013 0.022248 0.005014 
0.085146 -0.005505 -0.012598 
0.019607 0.021207 0.002099 
0.011916 0.019997 0.001122 
0.040637 0.013176 0.016967 
0.037288 0.008748 -0.002027 
-0.106729 -0.002943 0.009629 
0.06243 -0.006026 -0.006869 
0.05901 -0.006695 -0.006251 
-0.057242 -0.009825 0.009966 
-0.008263 0.013008 0.002932 
0.065228 -0.007444 -0.006261 
-0.045581 -0.008718 0.00058 
-0.04699 -0.004316 -0.004879 
0.037899 0.008424 -0.001551 
-0.08052 0.002741 0.004095 
-0.052924 0.004642 -0.001376 
0.050098 0.004621 -0.007241 
-0.036828 0.020655 0.006191 
0.078838 -0.002991 -0.01672 
0.080097 -0.013232 -0.007181 
0.052435 0.00612 -0.004546 
0.05179 0.005472 -0.005211 
0.044108 -0.006696 0.001883 
0.010266 -0.014527 0.002311 
0.017125 0.018379 0.000758 
0.027533 -0.004933 0.003493 
0.075468 -0.009385 0.001079 
-0.001891 0.018771 -0.014035 
-0.084976 -0.004748 -0.008192 
0.021951 0.017368 0.005 
-0.060537 0.010728 0.012763 
-0.030621 0.023136 0.014045 
-0.08805 -0.004222 -0.007799 
-0.062629 0.010678 0.012932 
-0.029004 0.019996 0.013888 
0.070017 -0.009809 -0.012523 
0.019215 0.015899 0.001752 
0.068429 0.003445 -0.004816 
-0.048997 0.010933 0.007536 
0.063262 0.014268 -0.000931 
-0.053259 -0.011257 0.002168 
-0.06642 -0.00133 -0.003558 
0.0699 0.000289 -0.008382 
0.004031 0.018403 0.002365 
0.06367 0.015467 0.003014 
0.016807 0.004895 -0.019023 
0.0627 0.014437 -0.001601 
-0.048604 0.002292 -0.000696 
0.059761 0.01459 0.001456 
-0.025226 0.007591 -0.002105 
-0.019464 0.021743 -0.007463 
-0.006791 0.017297 -0.006185 
0.055846 0.004039 -0.008633 
0.045192 -0.011194 -0.000291 
0.08193 -0.014054 -0.006609 
-0.047217 -0.004031 -0.003187 
0.088173 -0.00902 0.005184 
0.0181 0.00892 0.002242 
0.000053 0.021714 -0.000147 
-0.018877 0.019698 0.000343 
-0.036883 0.000338 0.001867 
0.05237 0.006784 0.023273 
0.014441 0.013053 0.003538 
0.031131 -0.004473 -0.003477 
0.030446 -0.004431 -0.00325 
0.102109 -0.014688 -0.015607 
0.04299 -0.001942 -0.003205 
0.018512 0.002704 0.013411 
0.064691 -0.007465 -0.008591 
0.007486 -0.000096 -0.000523 
0.005114 0.001384 -0.002788 
0.064742 -0.003813 0.010154 
0.086889 -0.012971 -0.007312 
0.06403 0.002701 -0.010142 
0.001536 -0.005955 0.000034 
-0.004138 0.020344 -0.000597 
-0.082699 -0.020384 0.002144 
0.076074 -0.007557 -0.014717 
0.033079 0.002136 -0.006166 
0.058871 -0.003074 -0.004017 
-0.013117 0.011818 -0.00274 
0.053115 -0.008156 -0.002168 
-0.025665 0.01548 -0.018178 
0.088362 -0.013564 -0.003835 
0.072489 -0.005084 0.015023 
0.06838 -0.00384 0.012871 
0.04652 -0.009068 -0.004577 
-0.070064 0.005164 -0.004392 
0.0697 -0.002206 -0.014212 
-0.001802 0.022436 -0.002853 
-0.048947 -0.008756 0.005754 
0.042938 -0.00577 -0.000549 
0.050298 -0.003882 -0.004534 
0.044459 -0.003384 -0.00642 
-0.017792 0.004935 -0.007912 
0.04378 -0.007377 -0.001257 
-0.063059 0.008634 -0.011746 
0.064688 -0.003954 0.002768 
-0.035401 0.018135 0.00806 
-0.018456 -0.013186 0.00572 
-0.003225 0.020215 -0.000969 
0.05502 -0.005544 -0.009804 
0.043118 -0.007515 0.008072 
0.007857 -0.017401 0.016177 
0.096255 -0.021668 -0.010313 
0.069558 -0.007192 -0.011479 
-0.04416 0.007611 -0.001549 
-0.072424 0.004301 -0.013014 
0.012011 0.008454 0.008731 
0.067222 0.008573 0.001152 
0.048793 0.011346 0.018727 
0.090745 -0.011107 -0.008524 
0.084468 -0.012664 -0.004535 
0.05967 0.007752 -0.000113 
-0.021736 -0.004215 0.009816 
-0.048558 -0.00587 0.002396 
0.021562 0.020656 0.006317 
0.073319 -0.010804 -0.012833 
-0.064086 -0.024641 0.003271 
0.073476 -0.010633 -0.01292 
0.065658 -0.00783 -0.001893 
0.093036 -0.012217 -0.005433 
0.046038 0.016386 0.002376 
0.051524 0.011984 0.023656 
-0.009347 0.019052 -0.008813 
0.074085 -0.001085 0.009485 
0.050815 0.004252 0.008353 
0.08738 -0.015748 0.0027 
0.105887 -0.017075 -0.015544 
-0.015186 -0.008643 -0.001296 
0.040428 -0.012767 -0.01084 
-0.061872 -0.003128 -0.005196 
0.044535 -0.013667 -0.010366 
0.05678 -0.007046 -0.015578 
0.106695 -0.0178 -0.014116 
-0.055545 -0.001845 -0.009483 
-0.072592 -0.021936 -0.007435 
0.011336 0.014617 0.001113 
0.027503 -0.002167 -0.01058 
0.058804 -0.005394 -0.003625 
0.044614 -0.006838 -0.010442 
0.032074 -0.002063 -0.013677 
0.084036 -0.01359 0.000493 
-0.016172 0.015875 -0.004855 
0.063014 0.004983 -0.000196 
0.062605 -0.004059 -0.0076 
-0.062966 -0.02552 0.003458 
0.065635 -0.010491 -0.010929 
0.063157 0.01421 -0.001167 
0.061095 -0.012303 -0.019822 
-0.082851 -0.007308 -0.009991 
-0.063982 -0.025681 0.004294 
-0.030811 -0.007368 0.012576 
-0.05981 -0.015578 -0.000919 
0.053158 -0.003815 0.030731 
0.069438 -0.004114 -0.002983 
0.066174 -0.005068 -0.001133 
-0.070871 -0.001376 -0.012014 
-0.075941 0.003201 0.00513 
0.000685 0.007637 -0.000115 
-0.007738 0.001355 -0.019984 
-0.004703 0.010927 -0.008722 
-0.059405 -0.006635 -0.006133 
0.071289 -0.016017 -0.00103 
0.066869 -0.002163 0.006824 
0.031848 0.004926 0.004501 
0.014187 -0.000001 0.010005 
-0.02725 -0.005035 0.008403 
0.021827 -0.010932 0.012993 
-0.027206 -0.010259 -0.004909 
0.08277 -0.008502 -0.00199 
0.036414 -0.005537 -0.011613 
-0.029068 0.019238 -0.009141 
-0.009852 0.010026 -0.008396 
-0.010962 0.017233 0.003687 
-0.054163 -0.001557 -0.007568 
0.102639 -0.015994 -0.00319 
0.02898 -0.004609 -0.023557 
-0.059681 -0.004469 -0.004605 
0.047131 -0.006393 -0.015951 
-0.07467 0.005906 -0.005568 
-0.019273 0.01007 0.00058 
0.072457 -0.004119 -0.006448 
0.097029 -0.01654 -0.001724 
0.052534 0.005537 -0.003333 
0.013393 -0.001231 0.011031 
-0.059723 -0.015614 0.004289 
-0.036466 0.000202 -0.002937 
0.010034 0.006781 0.021619 
0.049189 -0.001729 0.016371 
-0.013655 0.004628 0.003051 
-0.038358 -0.00689 -0.005942 
-0.070572 -0.017741 -0.011113 
0.083123 -0.010454 -0.005557 
-0.056343 -0.020645 -0.005434 
-0.058413 0.001108 -0.004849 
0.093157 -0.014629 -0.015375 
0.005191 0.018354 0.005469 
0.086065 -0.014538 -0.014265 
-0.028257 0.014865 -0.018855 
0.026268 -0.008395 0.019335 
0.045762 0.005357 -0.007911 
-0.038098 0.000072 0.002688 
0.064852 -0.011661 0.017893 
-0.028368 -0.006131 0.004099 
0.054487 -0.002311 0.006885 
0.075324 -0.006093 -0.010619 
0.101421 -0.018683 0.010984 
-0.042612 -0.007316 -0.004842 
-0.057391 -0.00797 -0.012759 
-0.041475 -0.007396 -0.005903 
-0.019694 0.006613 -0.000309 
-0.07941 -0.014305 -0.010978 
-0.040175 -0.006171 -0.006181 
-0.034052 0.000577 0.003771 
-0.064009 -0.001755 0.000704 
0.053399 -0.002446 -0.011677 
-0.048789 -0.002506 -0.006014 
-0.01374 0.004962 0.003109 
0.063099 -0.006062 -0.005243 
0.072442 -0.00286 -0.016581 
0.000877 -0.003709 0.000179 
0.104026 -0.013564 -0.005784 
0.01365 0.014215 0.000473 
0.051473 0.001104 0.012749 
-0.047862 -0.007028 0.00227 
-0.079306 -0.013006 -0.008639 
-0.072514 0.005786 -0.005345 
0.024857 0.005228 0.007774 
0.073652 -0.004532 -0.014459 
0.069243 -0.009195 -0.012913 
-0.070863 -0.016924 0.003967 
0.062328 -0.004044 -0.010304 
-0.010147 0.001764 0.005706 
-0.065755 -0.024183 0.003327 
0.097815 -0.016957 -0.01369 
-0.032693 0.000662 -0.011699 
-0.033959 0.000003 0.00066 
-0.034179 0.002799 0.000671 
-0.032549 -0.001921 0.001515 
-0.087523 -0.02145 -0.00837 
-0.038195 0.003056 -0.000162 
0.040867 0.013101 -0.000009 
-0.06451 -0.024546 0.003076 
0.054887 -0.002919 -0.002655 
0.084595 -0.011116 -0.003745 
-0.041681 0.006256 -0.00444 
0.064499 -0.004189 -0.007507 
-0.014964 -0.013006 0.018351 
-0.050421 -0.005575 0.002598 
0.054514 -0.006071 0.013523 
-0.015792 -0.000111 0.009928 
0.042381 -0.00621 -0.001736 
-0.020036 0.008893 0.000453 
0.012244 0.014317 0.000225 
-0.062582 0.006996 -0.013083 
0.031761 -0.005209 -0.024421 
0.022802 -0.003939 -0.019386 
0.06089 0.013952 0.00042 
-0.013755 0.017887 -0.004892 
-0.034336 0.00774 -0.003686 
-0.036554 0.000859 0.002625 
-0.046219 0.005376 -0.004516 
0.064967 0.007961 0.004872 
0.047663 -0.005994 -0.004839 
-0.050875 0.015717 0.00811 
-0.030224 0.000043 0.000305 
-0.084767 -0.003918 -0.009798 
0.021892 0.016292 0.005193 
0.060922 0.004442 -0.000383 
-0.064842 -0.000852 -0.001446 
-0.010847 0.012245 -0.009843 
0.022029 -0.003078 -0.0209 
-0.013725 -0.002299 0.012105 
-0.064638 -0.003382 -0.005585 
0.042989 -0.004094 -0.007737 
-0.019131 0.01397 0.001464 
-0.01776 0.000508 -0.003723 
-0.000475 -0.005261 0.004668 
